10 10
52.2500    2.7500   30.7500  -35.2500   26.6250   20.3750  -26.6250    1.2500    1.3750  -28.2500
2.7500  207.2500  -32.7500 -222.7500 -161.6250  272.6250 -138.3750  165.7500 -254.3750  -30.7500
30.7500  -32.7500  143.2500  -17.4167   53.0417  -22.0417   12.2917  -62.2500   56.2917  -26.7500
-35.2500 -222.7500  -17.4167  336.4722  178.8194 -380.1528  184.4028 -189.2500  275.4028   57.9167
26.6250 -161.6250   53.0417  178.8194  184.4514 -243.6181  104.4931 -136.8750  206.9931    4.7083
20.3750  272.6250  -22.0417 -380.1528 -243.6181  461.7847 -219.6597  236.8750 -345.1597  -59.7083
-26.6250 -138.3750   12.2917  184.4028  104.4931 -219.6597  130.7847 -142.1250  188.2847   37.9583
1.2500  165.7500  -62.2500 -189.2500 -136.8750  236.8750 -142.1250  185.2500 -235.1250  -21.2500
1.3750 -254.3750   56.2917  275.4028  206.9931 -345.1597  188.2847 -235.1250  343.7847   25.9583
-28.2500  -30.7500  -26.7500   57.9167    4.7083  -59.7083   37.9583  -21.2500   25.9583   36.2500
45.25     
-192.25     
134.4167     
188.1944     
217.0139     
-278.6806     
131.4306     
-197.75     
263.4306     
-3.9167  