10 10  
  11.0600    2.4133   -5.2233   -1.5367   -0.2800   -3.3333   -2.9367    6.4867   -0.0067   -5.2200
    2.4133    0.7256   -1.1989   -0.2544   -0.1000   -0.9056   -0.5411    1.5711   -0.1778   -1.0533
   -5.2233   -1.1989    2.8422    0.6311    0.1200    1.5389    1.3778   -3.2178   -0.0156    2.4833
   -1.5367   -0.2544    0.6311    0.7656    0.0400    0.4144    0.6189   -0.9189   -0.2778    0.4067
   -0.2800   -0.1000    0.1200    0.0400    0.0400    0.1200    0.0200   -0.1800    0.0400    0.1200
   -3.3333   -0.9056    1.5389    0.4144    0.1200    1.2756    0.8711   -2.1011    0.0378    1.4733
   -2.9367   -0.5411    1.3778    0.6189    0.0200    0.8711    1.3022   -1.9022   -0.4044    1.2867
    6.4867    1.5711   -3.2178   -0.9189   -0.1800   -2.1011   -1.9022    4.2822   -0.0956   -2.9767
   -0.0067   -0.1778   -0.0156   -0.2778    0.0400    0.0378   -0.4044   -0.0956    0.7289    0.0067
   -5.2200   -1.0533    2.4833    0.4067    0.1200    1.4733    1.2867   -2.9767    0.0067    2.8900
1.4233     
0.4789     
-0.6623     
-0.1111     
-0.06     
-0.6089     
-0.3077     
0.9477     
-0.1645     
-0.5833 